function dv=dvdt3(t,b)
k1=109994.172494173;
k2=-5361305.36130536;
k3=3358100233.10023;
c1=90.8670909090909;
c2=2.63797785547786;
m1=533.5;
m2=552.5;
kf=456000;
cf=68.7;
A=4.4;
T=2.5;


dv(1)=b(1);
dv(2)= ((-m2*A*sin(((2*pi)/T)*t))-(c1*(b(1)-b(3)))-(c2*(b(1)-b(3))^2)-(k1*(b(2)-b(4)))-(k2*(b(2)-b(4))^2)-(k3*(b(2)-b(4))^3))/m2;
dv(3)=b(3);
dv(4)=((-m1*A*sin(((2*pi)/T)*t))-(cf*b(3))-(kf*b(4))+(c1*(b(1)-b(3)))+(c2*(b(1)-b(3))^2)+(k1*(b(2)-b(4)))+(k2*(b(2)-b(4))^2)+(k3*(b(2)-b(4))^3))/m1;
dv=dv';
end