function dv=dvdt2(t,b,c)
k1=109994.172494173;
k2=-5361305.36130536;
k3=3358100233.10023;
c1=90.8670909090909;
c2=2.63797785547786;
m1=533.5;
m2=552.5;
kf=456000;
cf=68.7;
A=4.4;
T=2.5;


dv(1)=b(2);
dv(2)= ((-m2*A*sin(((2*pi)/T)*t))-(c1*(b(2)-c(2)))-(c2*(b(2)-c(2))^2)-(k1*(b(1)-c(1)))-(k2*(b(1)-c(1))^2)-(k3*(b(1)-c(1))^3))/m2;
dv(3)=c(2);
dv(4)=((-m1*A*sin(((2*pi)/T)*t))-(cf*c(2))-(kf*c(1))+(c1*(b(2)-c(2)))+(c2*(b(2)-c(2))^2)+(k1*(b(1)-c(1)))+(k2*(b(1)-c(1))^2)+(k3*(b(1)-c(1))^3))/m1;
dv=dv';
end